# SimpleMath in R
139 + 121
260 / 60

# Variables
x <- 139 + 121
y <- x / 60

x <- x / 60
x

total <- 139 + 121
total

total_hr <- total / 60
total_hr

total_hr <- (139 + 121) / 60
total_hr

# Vectors
c(81, 125) / 60

ratings <- c(81, 125)
ratings / 60

c(1, 2, 3, 4, 5 ,6, 7, 8, 9 ,10)
c(1:10)
c(10:1)

# Strings
movie <- "Toy Story"
movie

genres <- c("Animation", "Comedy", "Biography", "Horror", "Romance", "Sci-fi")
genres
